0.0,0.03595441565124935,0.1626114831255727,0.21813895303958533,0.1007664693753082,0.12396883192247887,0.07645370927068927,0.08975141024733471,9.373645799991209,42.381987199987634
2.5,0.03489667412090448,0.1634572851521144,0.2148373964552376,0.10098732487051208,0.12103270200782719,0.07648345539591633,0.0872044510473149,9.31203600000299,42.55348729999969
5.0,0.035491583931125524,0.16552297696589216,0.22295582677673428,0.10220893532901962,0.12571939182306496,0.07738830897471553,0.09059094957129021,9.139890899998136,42.484697000007145
7.5,0.036646755874570294,0.16907274219892218,0.22794663445718932,0.10455281282368079,0.1284048403067126,0.07924903425280247,0.09268680973111326,8.873894499993185,43.27058149999357
10.0,0.03687906111264417,0.17097862086355026,0.23196072717052507,0.10573301601746593,0.1311374020415008,0.08013107927544379,0.09484722674269087,8.657679299998563,43.734701499997755
12.5,0.03793748473460124,0.17215103281693936,0.22992386268835216,0.10672329497969965,0.1311949344130246,0.08100965176320368,0.09559178526245941,8.51153059999342,44.63387320000038
15.0,0.03815297405743628,0.16947105355343425,0.22609016675930454,0.10533625712609185,0.12987323873976345,0.08009587666457373,0.09510224862675924,8.379892999990261,45.90783930000907
17.5,0.03678117003956624,0.16168266400001124,0.2176082641467762,0.10071449611600435,0.12419766744626935,0.07671095736044536,0.09069828556532954,8.445253500001854,46.89326230000006
20.0,0.03555860058947274,0.15486720558436792,0.20411194335335262,0.09689012850240943,0.1157790345154416,0.0739887820652424,0.08443910406510698,8.465314600005513,47.10597720000078
22.5,0.03494962819087476,0.15409365453303375,0.1949934120757298,0.09654012800453618,0.10996675929888099,0.0737673866804203,0.07999944139070166,8.553615999990143,49.42322789999889
25.0,0.03581008262723297,0.15660628635170873,0.19509164756736058,0.09851272985010624,0.11025543332652017,0.07542388608082408,0.08029003224963599,8.632544799998868,54.688434399999096
27.5,0.035782520932636536,0.15810488633480146,0.19793251944034237,0.09959689110601407,0.11177940380973563,0.07626837792964834,0.08114076067887473,8.985061100000166,52.024952299994766
30.0,0.034915777326019234,0.157600302260647,0.20434231058905472,0.09891264968105654,0.11524496322260587,0.07553535877022712,0.08335087987487956,8.862696299998788,51.888426199991954
32.5,0.03435038672494071,0.15595862872722954,0.2069125829883141,0.0975807569638461,0.11669571929106612,0.07436357838504305,0.08420730368625799,8.816775100000086,52.873389000000316
35.0,0.03312989794774297,0.1506651533743631,0.1992883769312534,0.09423776105763694,0.11293097281387043,0.07178626205694945,0.08167940278865364,9.268087800010107,53.512767800013535
37.5,0.03274353492336977,0.1474435014915641,0.1908173921448737,0.09254488515311164,0.10855787211563026,0.07064703729822097,0.07880086304646201,9.144526600008248,55.41074550000485
40.0,0.03390906438556767,0.147234367634698,0.18737544056861277,0.09299527588139032,0.1066359508729369,0.07127329536211911,0.0775354677217264,9.052775999996811,55.03727040000376
42.5,0.03391646664353146,0.14649322332461526,0.18807504952502568,0.09277381258598719,0.10746681124248385,0.07118695771877685,0.07829504215350623,8.963511900001322,56.02654769999208
45.0,0.03456162067894542,0.146977438936447,0.1894226469054284,0.09336303440636204,0.10806284450626231,0.07176059532666294,0.07863566004566126,8.950039799994556,57.02348780000466
47.5,0.03492520071865555,0.14745308459147913,0.1915464155500431,0.09385362287770774,0.10935409276336716,0.07221090462639822,0.07961593910932355,8.966641300008632,57.630796700002975
50.0,0.03552210119011076,0.1481248193889169,0.1933948738857252,0.09450780130646735,0.11020309974242348,0.0728239632925824,0.08012739416978237,10.170084299999871,56.80086290001054
52.5,0.035345000939240305,0.14939624461863968,0.1977721115840678,0.09510942744404427,0.11254626896533422,0.07318617090702106,0.08173565240681599,9.033602399998927,59.64334739999322
55.0,0.036070511170898996,0.15391825565355285,0.20008080222219485,0.09789776575891532,0.11323169243582759,0.07531777287529062,0.08201192178014433,9.097124300009455,57.41519440000411
57.5,0.035836539930270105,0.15606490469722134,0.20051188590893562,0.09920710750397578,0.11328484704495152,0.07627784608707688,0.08194784411266404,9.09055750000698,58.185659999988275
60.0,0.03508262872328723,0.15337837508492952,0.19877614450128173,0.09762904850059217,0.11258606416752426,0.07507546260995593,0.0814232090590093,9.001178899998195,57.93585460000031
62.5,0.03596578511842729,0.15368669565171902,0.1985835072536984,0.09842049943465908,0.1130448472878451,0.07592710056275578,0.08201677009282782,9.244248000002699,57.380068900005426
65.0,0.036989685388493995,0.16063842995155003,0.20577019236229083,0.10282981752927015,0.11718087753816507,0.07929759277807698,0.08516909141005573,9.037484800006496,57.58076389999769
67.5,0.03811380334785034,0.16766940825855675,0.21228800084248203,0.10731129608354353,0.12058569350730661,0.0827356982333928,0.08751145661795139,8.98757040000055,57.081009400004405
70.0,0.0375466919225813,0.16536857156937337,0.2164083220562724,0.10556930738068301,0.12265447581021188,0.08127201910407016,0.08882254657677517,8.961330299993278,56.35164019999502
72.5,0.037024090945972685,0.16327934405659597,0.22337834374388746,0.10402386620599696,0.1265775011831443,0.07998586607673297,0.09150871264854134,9.019903100008378,55.17456210000091
75.0,0.037500045131112686,0.16532812396289717,0.22798946835546038,0.10553944279791447,0.1301533180665024,0.08123896280559631,0.09440789446904443,8.714317199992365,53.997544700003345
77.5,0.038530175346499274,0.1677854186501649,0.22307778963910174,0.10787749037868509,0.12823461309751177,0.0833485532083074,0.09351161507678502,9.041780200001085,53.50078699999722
80.0,0.03856537748297778,0.1678376633440815,0.22145544435105896,0.10807874948051249,0.1266400677449564,0.08358658677362668,0.09211445049984954,8.966275500002666,52.78560550000111
82.5,0.03889261823665284,0.16498834992375006,0.21753246623687342,0.10660246416142481,0.12534227684734336,0.08260647045436705,0.09153226003254145,9.036796999993385,52.90533770000911
85.0,0.038751406278021816,0.16323818216952335,0.21089987265518148,0.10578726236445973,0.12136359042870142,0.08212021379926265,0.08853595231079761,8.845415899995714,51.07918489999429
87.5,0.03854952143292785,0.1632068378762042,0.20662345252304448,0.1055814105596716,0.11802702686549117,0.08194484787318719,0.08595493718644832,8.84605520000332,51.02051250000659
90.0,0.04000529379793619,0.16492650968833356,0.22009023685100762,0.10637108463714351,0.12600708692767107,0.08249256122225136,0.09187517681283172,8.998320699989563,50.30936990000191
92.5,0.03745096605367321,0.16214813538585635,0.21094344749260163,0.10418597943825912,0.11748322753643732,0.08064368286173576,0.08456109032292355,8.915030399992247,51.356861100008246
95.0,0.03804872827255876,0.16184867446640183,0.20980210086325807,0.10418394018900066,0.1175278392103655,0.0807165297757503,0.08476050136834393,8.783198999997694,52.61208550000447
97.5,0.03873116470447363,0.16133234726295229,0.20903091706608679,0.10424693193506164,0.11853751667846762,0.08090567491974064,0.08605601905030962,9.560728799988283,51.29076210000494
100.0,0.038338717367775,0.16179330223412275,0.21634209594782,0.1044408046786068,0.1233485283982997,0.08095030814021775,0.08952882767718094,9.574320499988971,51.77108219999354
102.5,0.0374811545856102,0.15731323575227704,0.2201818439554517,0.10124783631444866,0.12590324462032304,0.07832205161268314,0.0915120770352732,9.553496699998504,53.637739800004056
105.0,0.0368529161898263,0.1535342840269539,0.21563861712417423,0.09879182760761969,0.12352298613452081,0.07639959179457037,0.09000033462265761,9.210326500004157,53.47792580000532
107.5,0.03528818197054964,0.1493439636841469,0.2057482981893198,0.09597582788403243,0.11826320675008399,0.07412940608836692,0.08625354337693535,9.334259199997177,54.289816699994844
110.0,0.03517270004324651,0.14907523692848001,0.2002634770753247,0.09600456429847253,0.11541063566142298,0.07423237056000892,0.08428298333443894,9.500658700009808,55.74132510001073
112.5,0.03507887799434557,0.15154414899463503,0.19977681875665623,0.09736421123140376,0.11535427419619214,0.07516348976863203,0.08422616985539218,9.410995500002173,56.02119259999017
115.0,0.03510671744934151,0.15276881615434035,0.1972211022046381,0.09809811597394189,0.11432054063150734,0.07569479112741392,0.08361503110232156,9.431543700004113,56.65271730000677
117.5,0.034932680155584456,0.15076619089064994,0.19206042140532487,0.09702930831594647,0.11210058353646307,0.07491569884735579,0.08230633366384785,9.519307599999593,56.83484720000706
120.0,0.034602920375049175,0.14791166177269746,0.18632915276753925,0.09516847303301613,0.10801247495259658,0.07351952710579607,0.07931501905603414,9.507044400001178,56.64218809999875
122.5,0.034505755712388286,0.1461421023454875,0.1865074205741566,0.09350153577582565,0.10666611693093682,0.07211373826606934,0.07787995354794526,9.482983999987482,57.10281300000497
125.0,0.033216078390404746,0.14633387411666243,0.1934121294879663,0.09272117898218085,0.10918449584838398,0.07114614334117675,0.07893997733985009,9.502774699998554,56.42328010000347
127.5,0.032815832664001045,0.1464382486357078,0.19686547030364843,0.09233302410769079,0.11075016632977372,0.07065985249198187,0.07986847121853298,9.527461100005894,57.203604199996335
130.0,0.033016956101913,0.1445568606489749,0.19268959232291388,0.09126151826791581,0.10850327696186547,0.06993488768024064,0.0783484525579655,9.594223099993542,56.51210710000305
132.5,0.0328413367963812,0.1417630686059175,0.1865604825805678,0.08992649168179553,0.10562658377373983,0.06907349740685992,0.07654027110044889,9.495964900008403,56.14194739999948
135.0,0.03242257658237154,0.13952981710918697,0.18359878232604776,0.0886755346687085,0.10420906254968747,0.06816022714503447,0.07552740896990522,9.499255999995512,56.42299479999929
137.5,0.03212290080057937,0.13869698419166576,0.18217027238845493,0.0882521776081314,0.10376834981868091,0.06785031927194737,0.07531569305551622,9.411559700005455,54.84948990000703
140.0,0.032222176731055485,0.1389996294572186,0.1821939458656702,0.08798906937866838,0.10385646100575792,0.06746392583396774,0.07547402039481009,9.541776900005061,54.71754630000214
142.5,0.031816046027842285,0.1402064374172054,0.18080828324562997,0.0882104681866705,0.10304950777883184,0.0674311305238178,0.07495362800429407,9.493547499994747,54.079125299991574
145.0,0.03237018353921821,0.1439227289019931,0.18280734877397303,0.09025424995902061,0.10408467297901162,0.06887605858478027,0.07573585925202789,9.259585899999365,52.798388299997896
147.5,0.03325962679212878,0.1476099620650885,0.18374706190770984,0.09257988487875707,0.10450506127419257,0.07066726108743049,0.07603681301647086,9.328636699996423,51.94898229998944
150.0,0.033595567580286645,0.15209224954958353,0.1872547809873917,0.09522288552330771,0.10557656410850585,0.07265752922187506,0.07646181604510466,9.234892099993885,51.289703200003714
152.5,0.03433598873583061,0.15716126225998409,0.19588746935575563,0.09799440860773259,0.1100536847680339,0.07462960259087145,0.07954305821077896,9.227758900000481,50.473120700000436
155.0,0.03521118688485547,0.15933666526270454,0.19901309420942495,0.09949342785062533,0.1124107335811764,0.07583744483192999,0.0816439485123729,9.129812699989998,49.97580400000152
157.5,0.03550313042969001,0.15728934838206632,0.19563443557899446,0.0985451880976707,0.11140856777658331,0.07526464346306874,0.08134644368092574,9.16939700000512,48.9084034999978
160.0,0.03599165536237161,0.15574092750710317,0.19947143770687334,0.09771943033262469,0.11488320698258467,0.07467743358830164,0.084325841027563,9.111633699998492,47.96721030000481
162.5,0.03737929527187857,0.16160296366724444,0.21285431354498777,0.10119875640031785,0.12328855817881743,0.07724570407272267,0.09068184542498496,8.96977369999513,46.693290700000944
165.0,0.03883750372749745,0.16917513946624607,0.22360010002681335,0.10557332939985524,0.12953993231005542,0.0804332078760692,0.09525966594334212,9.065577200002735,45.599287999997614
167.5,0.03811605921843774,0.1721126659317753,0.22523008036367123,0.10671222208557737,0.12897205561744018,0.08101018912938197,0.09414064323864785,9.267418400006136,44.87151480000466
170.0,0.03638600775240018,0.17075686937727882,0.22625753710628263,0.10515272112094531,0.12773600190891315,0.07953233064497915,0.09230895590825926,9.396751399995992,44.29254949999449
172.5,0.03535658561471614,0.1676589241060919,0.2263906749565785,0.1028038378489644,0.1268262209685188,0.07758272009289016,0.09113414420483816,9.467791799994302,43.476182600003085
175.0,0.034597502781710116,0.1649294492437911,0.21961889347997096,0.10095132040962039,0.1223651766573936,0.07612499239427253,0.08763778506813943,9.595638700004201,43.62850310000067
177.5,0.034582679244391894,0.1631671864619992,0.2103406113784109,0.10002503078182157,0.11741608771288384,0.07549846980659723,0.0843284609070953,9.62919160000456,43.43769119998615
180.0,0.035560969661896244,0.16112367232997182,0.20675299315988416,0.09942295730191592,0.11646517461242777,0.07534921500933635,0.08429412225308634,9.66589770000428,43.54971779999323
182.5,0.034601814206386965,0.160000697885222,0.2053249179709319,0.09881441669949588,0.11558585523061317,0.07491124807392718,0.08346687973546056,9.610198199996375,43.81559240000206
185.0,0.03487301230920273,0.15854530093208755,0.20745141016825655,0.09812852800184213,0.11680758713612183,0.07449102532197338,0.08436036185809766,9.77774390000559,43.48670360000688
187.5,0.035538145125810994,0.1591625493128523,0.21022353604129795,0.0987418850500878,0.11857952644797859,0.07505365224146485,0.08577198965146139,9.497771299997112,44.00477580000006
190.0,0.03520200505339485,0.16259560662317768,0.21617364364000613,0.10052909045126694,0.12257311073719175,0.07620543519609266,0.0886229671047587,9.302299800008768,45.18701679998776
192.5,0.03594862960054014,0.1669624728869933,0.22176194923135578,0.10325934597863363,0.1261682697801741,0.0782728349579823,0.09139415680833145,9.632692300001509,46.971176499995636
195.0,0.03646004063043413,0.16665108344034077,0.22307847987681667,0.10320475680061372,0.12743483146476445,0.07828674486610487,0.09268514998827723,8.924398000002839,45.38800540000375
197.5,0.03594695167812188,0.16265879754626553,0.21938863925869753,0.10102978036122301,0.1253451087547989,0.07675615199585152,0.09120870224220168,8.948678100001416,46.639535099995555
200.0,0.03491541905577057,0.1582790045616582,0.21252292442101167,0.09845391735687199,0.12109184832717615,0.07484290577113646,0.08795125162568514,9.06363330000022,47.64798779999546
202.5,0.03366182246511589,0.15512508642498807,0.20580549246583377,0.09641371027104294,0.1168666585103356,0.07324306717521076,0.0846751191391722,9.098703399999067,49.33696760000021
205.0,0.03373297776664547,0.15438484808999248,0.20392293750897167,0.09616440375274002,0.11565502668526124,0.07313860127645808,0.08382883640782526,9.228237799994531,49.837710799998604
207.5,0.03352994136805231,0.1563318928285997,0.2032062074678063,0.09732479356115681,0.11446094435338977,0.07400500595793921,0.08262836654520395,9.450569099994027,51.003366799996
210.0,0.03369691306466279,0.15730965977589373,0.19902247492455535,0.09782209041249186,0.11241199415086607,0.0743344926021427,0.08134410031321875,9.427292299995315,51.37917729999754
212.5,0.03420036200230137,0.155995909807948,0.19511213835118368,0.09722618633703238,0.11099392923771598,0.07397379627355873,0.08069851247651667,9.365117099994677,53.597191000008024
215.0,0.033857991873357356,0.1540765314646755,0.19589623812166623,0.09578143602811383,0.11047509195350882,0.07281183986819675,0.07994389077834071,9.420551300005172,53.38994319998892
217.5,0.03393871999337291,0.15500085385851742,0.19977856959194668,0.09641640452726102,0.11193657729033303,0.07334391667285264,0.0806698732815909,9.441581499995664,54.575362800009316
220.0,0.03423930552471705,0.1555442795280672,0.2008325099511276,0.09706552318875807,0.112522245722305,0.07394358957255313,0.08113783706002582,9.579270799993537,55.20565550000174
222.5,0.03428001275574202,0.1561369807124672,0.20205796456333697,0.09759630076516143,0.1139892162408313,0.0743824713384613,0.08254147665176675,9.717791999995825,55.767939599987585
225.0,0.034428727520180405,0.15724756338406556,0.20381122117453213,0.09828335413498994,0.11447578268211961,0.07491029220768702,0.0824880552459092,9.565268899998046,56.24439110000094
227.5,0.034762579310193165,0.15732777721750568,0.20723054269483923,0.09829545699350663,0.11699466686968694,0.07488026762179792,0.08440152999559154,9.523843599992688,57.01212709999527
230.0,0.03461037390355808,0.15656509933354512,0.20501904629557224,0.09831622332290972,0.11594970479085755,0.07507086260134768,0.083671773250696,9.577926500001922,57.13362949999282
232.5,0.03514015872152992,0.15666342151494664,0.20254781768803176,0.09902640513537893,0.11452435429249938,0.07588037783540733,0.08274200344299211,9.558577800009516,57.81323899999552
235.0,0.03572352671175531,0.1560377735419754,0.2031781593300068,0.09900088741463531,0.11535586478766101,0.07601259283925346,0.08363526214685338,9.698133400001097,57.75176260000444
237.5,0.03594209815313154,0.1554470796172455,0.1991722782252143,0.09898759515928991,0.11280003871256836,0.0761898409037917,0.08162566124267023,9.54669489999651,57.72966969999834
240.0,0.03565454319752699,0.15561306247307422,0.19448855040646967,0.09913036091729276,0.11044448494317347,0.07630293285739806,0.08010441286030656,9.568463999996311,57.41042740001285
242.5,0.03696032324672786,0.16003011737893955,0.1950525248509849,0.1022518740622783,0.1115255116093037,0.07881148577422446,0.08131300776698028,9.627259800006868,57.83919009999954
245.0,0.03733491591018534,0.1628160054148292,0.20143748715089993,0.10416593144953215,0.11555555938013677,0.08030303259532308,0.08428777554957144,9.653431799990358,56.944694799996796
247.5,0.03714972239112167,0.1656641896478646,0.2120967181681548,0.10569455566608128,0.12115986661358118,0.08133166247507453,0.08789460445794738,9.474112800002331,56.67765729999519
250.0,0.0370143313495695,0.16658748796340406,0.21635378592897517,0.10601756790171808,0.12345300433071917,0.08146784461907984,0.08954634533568474,9.505836700001964,55.90762329999416
252.5,0.03723017535016725,0.16183480640486764,0.21067291240658234,0.10341850005958368,0.12131227663513408,0.07966874569770267,0.0885692321202294,9.462436600006185,55.10180730000138
255.0,0.037352138799896926,0.15701741435424882,0.20845659159733831,0.10099756001740204,0.12160288792990752,0.07807513578742968,0.08944440589860926,9.209773900001892,53.717319000003044
257.5,0.03762915916497419,0.16033847000930093,0.21346370565342504,0.10296765819385753,0.12376503398885712,0.07954907900493736,0.09066961034825102,9.458679599993047,52.663762699987274
260.0,0.03774766224077714,0.16557288725453523,0.21700553405487966,0.10610858656142776,0.12370162509250451,0.08189637335278775,0.08958443730939811,9.618792400011444,52.35601630000747
262.5,0.037479406881552775,0.16350252270642285,0.213918192643662,0.10474333197989752,0.12150658874370351,0.08082764016783657,0.08786505471400224,9.5264610999875,51.47103739999875
265.0,0.037270494161341504,0.1608627934805122,0.20824538957405236,0.10316991326137467,0.1180931074339973,0.07969232675106977,0.08547933745237374,9.716154399997322,50.798260800002026
267.5,0.036667007239728266,0.159379438035309,0.20468272799687737,0.10223006610672791,0.11544447050719815,0.07899320143169829,0.0833558424292518,9.649335599999176,50.99385020000045
270.0,0.038078976205420424,0.16121472294730993,0.21197989392742678,0.10340650162414038,0.12011546141053402,0.07992152028711554,0.08706779626339807,9.592610899999272,50.60652810000465
272.5,0.03707414961278274,0.16099745573480728,0.2100337941938487,0.10308486500175848,0.11804491249581549,0.0796083839025655,0.08509290798633941,9.637038500004564,50.47613280000223
275.0,0.0381572314655147,0.1622789586103932,0.2077755699471631,0.10453775817105013,0.1180446221081333,0.08098524414233839,0.08568112800547714,9.55784959999437,51.57446450000862
277.5,0.03907248969410349,0.16179466119221675,0.2072828568268885,0.10495825567372431,0.11930088876195162,0.08158735261822214,0.0871923666574374,9.715450699994108,52.58932650000497
280.0,0.038375551460514544,0.16061376651078332,0.2082121954160853,0.1040586066041212,0.11951627045279245,0.08080044940320083,0.08721466465065518,9.724021400004858,52.35181149998971
282.5,0.03773061172149796,0.16033841480973193,0.21376023721208423,0.10305067958679215,0.12235923267299326,0.07967635973098587,0.08914704395802442,9.563362600005348,53.203980699996464
285.0,0.03663660703523896,0.1601020506751525,0.22174833651365966,0.1018751444932469,0.12486790671262143,0.07837359939256078,0.09004843249822572,9.439136400003918,54.443250799988164
287.5,0.036913496839960376,0.1604470447621824,0.21681385051031138,0.10202818142735529,0.1210122081060578,0.07850691230303117,0.0869462517472537,9.467070500002592,56.11467460000131
290.0,0.03645804173778216,0.15950757466246226,0.2053695632925572,0.10155585098869203,0.11503243869728501,0.0781858815331816,0.08296614557510347,9.59206300000369,56.085059500008356
292.5,0.03485475163859637,0.15183817197177282,0.1903941926881022,0.09680486024677813,0.10792140371482364,0.07455475852014698,0.07843599745519778,9.858126699997229,56.91153260000283
295.0,0.03378182292077242,0.14282210185612157,0.1767532651385216,0.09194407915845276,0.10218047615729081,0.07111674984502624,0.07512223381173247,9.963282099997741,57.16778190000332
297.5,0.03340589485727384,0.13957514222044667,0.1749312039459074,0.09010087193786379,0.10148128326785344,0.06975337663362827,0.0745617677717271,9.623116899994784,57.84128000000783
300.0,0.03283108930557539,0.14038998115233509,0.17981331505519946,0.09000197776407226,0.10338023425443699,0.069426590686083,0.07540219211602701,9.53948040000978,58.07877520000329
302.5,0.032878630893206785,0.14342615630778122,0.18553762819380937,0.0912993672684057,0.10553049292093294,0.07020350383406535,0.07644257997142806,9.455333799996879,57.81379939999897
305.0,0.032634041874223786,0.1428655848891959,0.185956703938742,0.09085899826317502,0.10582385148660253,0.06982425373051561,0.07667505580547652,9.537365399999544,58.077750399999786
307.5,0.03265688272723371,0.14059732694638824,0.18394982350963474,0.08962899573981228,0.1052892719011087,0.06898368224660767,0.07659724373026663,9.50796149999951,57.186366399997496
310.0,0.03373064837494265,0.14129371891575962,0.1822924850549102,0.09029823626453833,0.10497530102124272,0.0696332000437821,0.07681647429611299,9.553740700008348,57.41074550000485
312.5,0.034021363135403423,0.14214773723824256,0.18317791984031903,0.09073986846915877,0.10524160947321548,0.06995475572817779,0.0770448148193706,9.548095399994054,57.05625819999841
315.0,0.03359910948985365,0.14099110168773998,0.18346899399231834,0.089810782085747,0.10498821585850152,0.06915253105804642,0.07666202890291934,9.464435000001686,57.209101299988106
317.5,0.03314093322539621,0.14131891231590885,0.18332909453837576,0.08975262777509167,0.1049776774686878,0.06897970792158249,0.07663566107527202,9.575075200002175,56.12237680000544
320.0,0.03410898416440897,0.1445076166887295,0.18341481516792504,0.09191523348861691,0.10484864070974523,0.07071856071554254,0.07651467174126327,9.627087699991534,54.964403899997706
322.5,0.034404707041124506,0.14578517143922398,0.18219285055820728,0.09265401341470816,0.10488152888259407,0.07124723619008459,0.07692738203315853,9.54633310000645,54.484471099989605
325.0,0.034051390572997414,0.14767836598394032,0.18605071671542,0.09343059561071639,0.10781703499781245,0.07162797288723212,0.07918050217675925,9.466926199995214,53.41289620001044
327.5,0.033869235495499195,0.1520111268058173,0.19351322116374226,0.09557387041378303,0.11152443411806179,0.07299452240745694,0.08149729343081867,9.417010299992398,53.16769659999409
330.0,0.03381088983287968,0.15617274500507086,0.19918015906886363,0.09765963458978123,0.11366467305841649,0.07437344007606729,0.08265010942373541,9.463765399996191,54.574072300005355
332.5,0.03397091226489577,0.16008382927806325,0.2038842084438528,0.09974909184703726,0.1153164607445828,0.07583747999300436,0.0833777213734243,9.362044499997864,50.94323839999561
335.0,0.033818729287190596,0.16086158633664452,0.2076142068001256,0.09976870421158474,0.11673954287881172,0.07567091593404003,0.08419298477042587,9.357658499997342,50.23488139999972
337.5,0.03300608844906533,0.15822174031773528,0.21036584444509268,0.09756419512923568,0.11785881916344246,0.0737691870588246,0.08480642962761568,9.126131400000304,48.960564299995895
340.0,0.03325832638040769,0.1562711977994892,0.2132371217578673,0.0963883189558084,0.11982733585617039,0.07292392060144083,0.08636484894105338,9.109958200002438,48.58891259999655
342.5,0.03406432732978445,0.1565066348351765,0.2186024715573711,0.0966729111044213,0.1234519420967562,0.07322050557620038,0.08917320343987527,9.076941799998167,46.83513180000591
345.0,0.03467839559387777,0.15876101756758268,0.21927826692374866,0.0982920531571603,0.1244509274047236,0.07451744139378115,0.09006739826802809,9.12246359999699,45.645860500007984
347.5,0.03465640324409149,0.15819103804962326,0.21354668755910233,0.09821466246672407,0.12187171714146512,0.07456511215481218,0.08839807315952312,9.276736999992863,45.1289276000025
350.0,0.034813724407278465,0.15709677544230655,0.20890168714748555,0.09763020709546322,0.1189788018875813,0.07419459087165985,0.08641871807624037,9.465653699997347,44.143471500006854
352.5,0.03495348572830808,0.15830359177947395,0.20812656870702623,0.09821132879100287,0.11743380663350936,0.07460391030582171,0.08493833388293544,9.555846900009783,44.331973899999866
355.0,0.03430226584808464,0.15939260257647092,0.21043493368200744,0.09844080414313548,0.11813966285809029,0.07457907248195117,0.08509280422077857,9.641739500002586,43.54639690001204
357.5,0.03462855168703571,0.1604989654500836,0.20988760083997443,0.09930334570945651,0.1174771753821201,0.07530576698722019,0.08449266374055191,9.6173090999946,43.59689149999758
360.0,0.03595441565147463,0.16261148314615845,0.2181389530389371,0.10076646938560438,0.12396883192057165,0.07645370927755492,0.08975141024545198,9.629613600001903,44.07139010001265
